-656477243
238101492
137232178
-524211588
400673761
-296554492
-720067221
-285063340
178872599
26197094
109396085
-128482864
435046508
443104591
104822629
45257102
241382201
3711601
606622746
405588483
-378144215
61804179
-178976272
-111381029
359223969
211437179
-262643043
-81148616
-268130278
54376964
-317697007
-601912775
297054201
-128979563
866128568
180076128
369953287
360621678
453831408
-359439316
-461665605
-52902309
-257317277
-699919590
-415747628
-458468486
344587889
-569827980
-237064582
1436886
-103774594
-602733927
-106666349
421647267
69782279
-92480181
-244878666
-241501809
-851443969
326771719
-346843301
411466184
380578876
147122827
770121981
50951261
-476504877
594001728
600239702
-649426261
-609016530
375360872
315031475
-292444487
78141845
247180419
543832289
-81334306
-92883277
45233989
-69496532
-268065652
6646610
24044290
-321125569
-384659058
800558062
-386270894
-272891045
-199710747
222525470
-697815833
-48697409
205535496
-63351473
188370354
590738308
-496130351
-653331500
-482768417
36934479
-11200324
599904328
335581137
-128045729
-301437039
31779626
235643159
-542536661
-59343558
-134420009
594123681
-91262609
498910478
650148240
6734580
712892882
799582051
-127259306
-195923371
-486226307
-520544770
735230284
-469732712
-551656270
485237039
-397680953
87073401
24996563
-781012373
-196775756
518931809
-967551039
-62223662
-475735567
-232017501
651339015
-401424683
20365596
-427889339
-18890077
19452330
-398856205
41629096
555087703
-575616517
-28228221
621966668
-182406941
425163819
-874073624
-126365006
249278242
446748571
493949694
612374349
462102167
470268530
-446817510
158982318
-217557972
917744932
-850441240
815361047
-399323313
177944246
-98510080
291198161
-121188072
599453630
-649197805
-141946727
-233104009
163653778
970523900
-489044913
158080799
-96011189
245405159
-184978997
99793470
380515853
-953311098
-153263823
-583900868
91984553
885235993
-884664443
292510178
623743639
-352393645
340564255
-691585867
-405338136
-63856862
-4049991
122176983
160270545
380094707
251086598
-659720970
-77513713
543155863
-177142419
-344457173
368466163
-158378853
-760682740
807766928
101494486
254789339
-399867881
-827300386
-194878867
-546272898
-113897091
805008050
-704192177
-778901147
167291875
-255950893
-576683288
-551684415
114254373
321342878
-511699254
-644206433
197718544
132072814
-464571921
-236853108
638487440
-160618317
112581477
93952544
168634588
109865224
280748104
-321344924
-207005538
227996720
-487339166
-112055295
150043323
192469123
-142735671
596891464
312505539
-200405035
622788752
693254962
654592100
-444499035
-89264433
846312969
263137206
104060338
98219059
-309192358
153750944
-363195880
645657978
400538505
546271064
484873088
-62351268
326350103
-991822147
369230059
-914660157
-111461707
845909906
84957549
-683185258
-736732464
819774628
-47519113
269912404
285103442
724877
178778533
-83505129
189081000
478289434
297069166
-198876417
158089197
444451663
-181375539
274031513
-19781900
-196283445
-194738510
61279998
51389721
-114273784
119712603
-554850359
380542721
-773226856
896925279
-735112351
-90440848
563453501
-127161942
-969925345
602956416
784424016
-62101307
-487272270
453950512
-497618557
171191212
-616098408
-95126550
-477008541
-187192278
-233303947
451379208
38988379
-535082082
-256168995
15419814
595672995
-190545821
233901326
-104619013
468131644
235860167
-9459039
642509900
441106
529250108
311885456
799295075
1037837684
526194728
-692391951
837459043
-1562360
-606130279
-75164464
176193421
-775147845
-315530813
-394398029
-522430457
-459932434
-470021931
166195352
802576668
211028670
-703931404
-107738218
226370935
-199006594
700016820
214710174
161714407
-62583207
-96583685
-197666759
-10620755
450082344
-191103412
404262383
505781496
-2601651
469853080
663271266
249028996
618471379
385948881
-943693156
-138594979
145132413
-425255192
-99231734
-328973566
-906820040
-68174386
-604450805
-194436513
-40694650
-7826454
159607569
470513989
-425218636
350294847
319168318
-737356763
617751103
399336709
-150951411
79616519
730936062
-214633278
-215762100
-887013021
-320838964
-136600710
-684290500
110170485
456207953
789964642
-189721015
548174637
-434883362
407458551
194570080
480534369
-251650621
11831773
-200374719
164601417
185226421
-541407662
-275491614
511786934
551041252
118204977
-551304965
-39959617
557388882
-159468194
484666583
612779939
-587268557
-13122777
162520819
-453666269
317743292
-314765956
331000744
550333003
-332637707
215073978
365291399
279732893
-166178707
-887115661
59073601
664627196
-193766479
709828618
235845749
-410949250
-9007946
283658832
639749684
618771072
-81843894
473888770
-434713730
-648834573
805253799
717146471
-305305085
501290658
-400642367
-142537507
520261878
-112509091
155838048
-604250590
368946928
791301033
353909194
-224571725
-331548896
303721215
-331387506
-46335619
622670072
-884897974
351924643
359521456
-200161732
331215848
55218411
463597704
-216296256
-299373117
-66540607
744793183
149752714
-53126187
-485547029
257866145
52983548
-392715136
-919016580
-168398238
-123149426
161784247
951033198
58077509
400016310
378813836
19400322
